0.030000 
0.160000 
 1758 
0 , 0.450723 
1 , 0.359543 
2 , 0.294988 
3 , 0.576831 
4 , 0.488135 
5 , 0.521351 
6 , 0.419890 
7 , 0.527149 
8 , 0.574918 
9 , 0.515382 
10 , 0.509529 
11 , 0.525971 
12 , 0.393982 
13 , 0.480413 
14 , 0.382928 
15 , 0.552482 
16 , 0.599447 
17 , 0.572504 
18 , 0.425606 
19 , 0.578344 
20 , 0.341267 
21 , 0.371249 
22 , 0.440068 
23 , 0.426856 
24 , 0.581988 
25 , 0.452673 
26 , 0.554939 
27 , 0.515711 
28 , 0.332123 
29 , 0.460441 
30 , 0.358409 
31 , 0.405156 
32 , 0.681642 
33 , 0.373099 
34 , 0.452927 
35 , 0.528670 
36 , 0.569345 
37 , 0.404962 
38 , 0.471232 
39 , 0.394740 
40 , 0.447109 
41 , 0.516874 
42 , 0.457550 
43 , 0.506488 
44 , 0.449796 
45 , 0.463500 
46 , 0.380628 
47 , 0.517579 
48 , 0.494898 
49 , 0.427333 
50 , 0.508485 
51 , 0.564768 
52 , 0.381264 
53 , 0.471596 
54 , 0.449135 
55 , 0.548899 
56 , 0.381200 
57 , 0.489719 
58 , 0.634532 
59 , 0.540304 
60 , 0.674374 
61 , 0.535409 
62 , 0.427802 
63 , 0.572933 
64 , 0.478348 
65 , 0.465645 
66 , 0.562241 
67 , 0.444893 
68 , 0.526973 
69 , 0.586519 
70 , 0.527240 
71 , 0.551405 
72 , 0.646657 
73 , 0.484886 
74 , 0.346146 
75 , 0.429928 
76 , 0.507914 
77 , 0.501111 
78 , 0.361929 
79 , 0.501045 
80 , 0.446196 
81 , 0.509708 
82 , 0.439138 
83 , 0.583298 
84 , 0.467903 
85 , 0.427115 
86 , 0.596273 
87 , 0.445056 
88 , 0.397453 
89 , 0.508915 
90 , 0.526603 
91 , 0.377963 
92 , 0.469062 
93 , 0.550957 
94 , 0.540798 
95 , 0.598380 
96 , 0.370357 
97 , 0.437126 
98 , 0.521862 
99 , 0.348507 
100 , 0.434236 
101 , 0.371152 
102 , 0.468476 
103 , 0.375809 
104 , 0.347638 
105 , 0.445562 
106 , 0.489835 
107 , 0.532078 
108 , 0.689753 
109 , 0.439310 
110 , 0.531133 
111 , 0.464302 
112 , 0.439746 
113 , 0.469258 
114 , 0.452536 
115 , 0.230417 
116 , 0.414179 
117 , 0.343550 
118 , 0.528944 
119 , 0.422315 
120 , 0.551584 
121 , 0.520600 
122 , 0.359508 
123 , 0.448392 
124 , 0.563961 
125 , 0.566786 
126 , 0.357781 
127 , 0.538570 
128 , 0.663915 
129 , 0.523535 
130 , 0.412371 
131 , 0.434828 
132 , 0.666064 
133 , 0.532697 
134 , 0.432541 
135 , 0.344096 
136 , 0.469789 
137 , 0.679853 
138 , 0.481960 
139 , 0.482587 
140 , 0.552336 
141 , 0.406152 
142 , 0.437269 
143 , 0.394415 
144 , 0.368496 
145 , 0.379389 
146 , 0.408118 
147 , 0.458316 
148 , 0.565097 
149 , 0.416768 
150 , 0.526239 
151 , 0.338556 
152 , 0.552784 
153 , 0.514372 
154 , 0.608297 
155 , 0.564670 
156 , 0.328717 
157 , 0.512397 
158 , 0.471382 
159 , 0.476003 
160 , 0.411433 
161 , 0.601095 
162 , 0.616155 
163 , 0.332042 
164 , 0.350161 
165 , 0.564602 
166 , 0.574906 
167 , 0.431450 
168 , 0.574969 
169 , 0.415929 
170 , 0.356799 
171 , 0.504424 
172 , 0.572900 
173 , 0.384242 
174 , 0.578846 
175 , 0.499423 
176 , 0.398683 
177 , 0.567411 
178 , 0.534743 
179 , 0.420431 
180 , 0.325932 
181 , 0.567032 
182 , 0.572859 
183 , 0.389823 
184 , 0.306939 
185 , 0.552712 
186 , 0.389415 
187 , 0.472041 
188 , 0.551882 
189 , 0.529375 
190 , 0.319395 
191 , 0.426146 
192 , 0.387321 
193 , 0.428770 
194 , 0.510425 
195 , 0.411982 
196 , 0.411899 
197 , 0.496903 
198 , 0.563970 
199 , 0.554670 
200 , 0.569641 
201 , 0.404029 
202 , 0.578093 
203 , 0.419429 
204 , 0.468492 
205 , 0.418060 
206 , 0.462552 
207 , 0.382649 
208 , 0.473588 
209 , 0.306935 
210 , 0.498060 
211 , 0.686516 
212 , 0.439780 
213 , 0.459425 
214 , 0.379248 
215 , 0.520429 
216 , 0.447222 
217 , 0.525801 
218 , 0.413069 
219 , 0.544446 
220 , 0.527324 
221 , 0.367526 
222 , 0.411507 
223 , 0.457089 
224 , 0.394985 
225 , 0.329839 
226 , 0.461539 
227 , 0.655353 
228 , 0.385507 
229 , 0.329247 
230 , 0.476566 
231 , 0.535939 
232 , 0.400432 
233 , 0.440474 
234 , 0.330691 
235 , 0.523228 
236 , 0.561517 
237 , 0.424406 
238 , 0.427902 
239 , 0.472494 
240 , 0.460269 
241 , 0.415869 
242 , 0.338703 
243 , 0.479016 
244 , 0.422573 
245 , 0.462140 
246 , 0.701328 
247 , 0.375719 
248 , 0.615427 
249 , 0.451324 
250 , 0.355710 
251 , 0.387340 
252 , 0.394181 
253 , 0.349266 
254 , 0.490414 
255 , 0.501279 
256 , 0.601316 
257 , 0.421436 
258 , 0.605886 
259 , 0.360164 
260 , 0.480183 
261 , 0.355912 
262 , 0.574794 
263 , 0.525564 
264 , 0.449666 
265 , 0.343571 
266 , 0.534548 
267 , 0.494072 
268 , 0.385290 
269 , 0.458592 
270 , 0.527719 
271 , 0.432808 
272 , 0.543610 
273 , 0.475195 
274 , 0.464126 
275 , 0.370513 
276 , 0.461605 
277 , 0.416744 
278 , 0.592680 
279 , 0.493814 
280 , 0.506477 
281 , 0.480813 
282 , 0.334745 
283 , 0.491815 
284 , 0.532147 
285 , 0.336930 
286 , 0.522466 
287 , 0.373167 
288 , 0.503315 
289 , 0.420446 
290 , 0.630776 
291 , 0.465972 
292 , 0.486165 
293 , 0.522604 
294 , 0.327934 
295 , 0.615388 
296 , 0.421825 
297 , 0.465447 
298 , 0.527990 
299 , 0.589308 
300 , 0.320696 
301 , 0.505305 
302 , 0.384015 
303 , 0.505128 
304 , 0.649488 
305 , 0.446201 
306 , 0.578610 
307 , 0.407303 
308 , 0.513368 
309 , 0.516942 
310 , 0.378428 
311 , 0.505431 
312 , 0.471736 
313 , 0.557659 
314 , 0.606820 
315 , 0.450472 
316 , 0.307069 
317 , 0.501437 
318 , 0.436782 
319 , 0.550588 
320 , 0.547078 
321 , 0.482695 
322 , 0.305370 
323 , 0.667740 
324 , 0.427801 
325 , 0.469169 
326 , 0.575334 
327 , 0.436667 
328 , 0.372365 
329 , 0.412144 
330 , 0.290008 
331 , 0.405671 
332 , 0.389394 
333 , 0.595259 
334 , 0.520943 
335 , 0.629067 
336 , 0.561982 
337 , 0.529279 
338 , 0.322255 
339 , 0.560377 
340 , 0.406526 
341 , 0.378800 
342 , 0.571246 
343 , 0.573635 
344 , 0.484728 
345 , 0.351430 
346 , 0.581676 
347 , 0.388399 
348 , 0.480828 
349 , 0.562374 
350 , 0.501611 
351 , 0.477356 
352 , 0.460591 
353 , 0.476758 
354 , 0.527481 
355 , 0.526618 
356 , 0.408243 
357 , 0.398322 
358 , 0.328488 
359 , 0.395772 
360 , 0.415418 
361 , 0.376426 
362 , 0.440717 
363 , 0.525956 
364 , 0.369683 
365 , 0.486226 
366 , 0.411253 
367 , 0.647932 
368 , 0.565685 
369 , 0.406856 
370 , 0.503502 
371 , 0.474434 
372 , 0.362935 
373 , 0.552969 
374 , 0.476466 
375 , 0.350909 
376 , 0.552604 
377 , 0.560838 
378 , 0.657949 
379 , 0.561867 
380 , 0.497546 
381 , 0.422828 
382 , 0.425834 
383 , 0.460193 
384 , 0.484774 
385 , 0.412175 
386 , 0.321403 
387 , 0.534686 
388 , 0.542769 
389 , 0.497051 
390 , 0.573816 
391 , 0.348901 
392 , 0.556684 
393 , 0.533138 
394 , 0.476012 
395 , 0.568969 
396 , 0.484176 
397 , 0.636391 
398 , 0.336858 
399 , 0.541380 
400 , 0.560100 
401 , 0.539895 
402 , 0.591127 
403 , 0.436959 
404 , 0.618248 
405 , 0.572969 
406 , 0.497848 
407 , 0.447808 
408 , 0.449150 
409 , 0.596149 
410 , 0.297265 
411 , 0.565783 
412 , 0.487115 
413 , 0.448443 
414 , 0.404691 
415 , 0.616565 
416 , 0.391163 
417 , 0.468080 
418 , 0.472420 
419 , 0.442088 
420 , 0.479748 
421 , 0.504202 
422 , 0.505192 
423 , 0.445583 
424 , 0.532070 
425 , 0.467179 
426 , 0.458870 
427 , 0.480140 
428 , 0.385134 
429 , 0.502557 
430 , 0.467878 
431 , 0.505250 
432 , 0.493238 
433 , 0.373640 
434 , 0.467572 
435 , 0.358148 
436 , 0.590195 
437 , 0.588555 
438 , 0.451244 
439 , 0.309946 
440 , 0.501597 
441 , 0.292383 
442 , 0.436374 
443 , 0.478843 
444 , 0.408052 
445 , 0.700032 
446 , 0.579830 
447 , 0.436803 
448 , 0.436837 
449 , 0.565140 
450 , 0.583536 
451 , 0.407021 
452 , 0.539331 
453 , 0.636873 
454 , 0.443669 
455 , 0.277287 
456 , 0.392453 
457 , 0.478498 
458 , 0.585268 
459 , 0.551842 
460 , 0.571725 
461 , 0.351696 
462 , 0.421136 
463 , 0.339078 
464 , 0.472705 
465 , 0.557850 
466 , 0.477930 
467 , 0.490457 
468 , 0.361465 
469 , 0.529920 
470 , 0.528572 
471 , 0.454788 
472 , 0.395041 
473 , 0.412822 
474 , 0.441760 
475 , 0.461060 
476 , 0.365565 
477 , 0.484718 
478 , 0.519971 
479 , 0.435991 
480 , 0.447350 
481 , 0.464939 
482 , 0.411414 
483 , 0.514837 
484 , 0.433579 
485 , 0.353880 
486 , 0.426088 
487 , 0.444790 
488 , 0.474423 
489 , 0.523877 
490 , 0.577292 
491 , 0.280189 
492 , 0.453423 
493 , 0.494575 
494 , 0.434403 
495 , 0.437146 
496 , 0.448726 
497 , 0.409610 
498 , 0.553464 
499 , 0.481576 
500 , 0.400592 
501 , 0.507028 
502 , 0.567763 
503 , 0.447827 
504 , 0.444423 
505 , 0.424688 
506 , 0.469083 
507 , 0.489883 
508 , 0.198096 
509 , 0.477823 
510 , 0.522740 
511 , 0.491900 
512 , 0.412757 
513 , 0.420551 
514 , 0.467293 
515 , 0.454568 
516 , 0.404047 
517 , 0.474611 
518 , 0.346497 
519 , 0.263388 
520 , 0.351688 
521 , 0.547025 
522 , 0.499159 
523 , 0.401651 
524 , 0.621339 
525 , 0.340403 
526 , 0.424038 
527 , 0.343469 
528 , 0.531293 
529 , 0.572863 
530 , 0.403896 
531 , 0.422628 
532 , 0.473522 
533 , 0.572114 
534 , 0.435773 
535 , 0.621086 
536 , 0.501526 
537 , 0.675863 
538 , 0.452463 
539 , 0.552957 
540 , 0.338644 
541 , 0.422242 
542 , 0.408034 
543 , 0.586310 
544 , 0.303566 
545 , 0.422253 
546 , 0.353763 
547 , 0.491258 
548 , 0.405512 
549 , 0.419100 
550 , 0.364131 
551 , 0.401065 
552 , 0.478738 
553 , 0.417771 
554 , 0.432741 
555 , 0.436539 
556 , 0.427285 
557 , 0.480111 
558 , 0.461925 
559 , 0.482721 
560 , 0.482958 
561 , 0.472237 
562 , 0.394556 
563 , 0.319830 
564 , 0.416103 
565 , 0.334575 
566 , 0.439396 
567 , 0.464941 
568 , 0.317926 
569 , 0.619467 
570 , 0.491231 
571 , 0.315345 
572 , 0.635831 
573 , 0.476932 
574 , 0.429818 
575 , 0.466881 
576 , 0.487963 
577 , 0.411433 
578 , 0.447171 
579 , 0.547178 
580 , 0.524394 
581 , 0.535591 
582 , 0.384671 
583 , 0.503694 
584 , 0.589900 
585 , 0.373730 
586 , 0.400749 
587 , 0.482166 
588 , 0.390219 
589 , 0.430446 
590 , 0.435404 
591 , 0.467499 
592 , 0.518074 
593 , 0.550581 
594 , 0.439031 
595 , 0.368362 
596 , 0.454720 
597 , 0.430160 
598 , 0.498974 
599 , 0.473888 
600 , 0.500828 
601 , 0.534204 
602 , 0.496620 
603 , 0.515492 
604 , 0.462232 
605 , 0.507605 
606 , 0.420150 
607 , 0.354791 
608 , 0.364992 
609 , 0.391939 
610 , 0.505866 
611 , 0.411718 
612 , 0.578130 
613 , 0.382706 
614 , 0.657183 
615 , 0.525083 
616 , 0.518857 
617 , 0.428791 
618 , 0.264607 
619 , 0.428417 
620 , 0.363840 
621 , 0.318504 
622 , 0.461529 
623 , 0.356659 
624 , 0.361961 
625 , 0.385165 
626 , 0.491589 
627 , 0.434683 
628 , 0.489939 
629 , 0.537367 
630 , 0.590168 
631 , 0.367098 
632 , 0.513463 
633 , 0.451811 
634 , 0.683053 
635 , 0.556753 
636 , 0.292409 
637 , 0.569841 
638 , 0.498206 
639 , 0.440836 
640 , 0.412509 
641 , 0.422827 
642 , 0.494651 
643 , 0.525243 
644 , 0.373068 
645 , 0.498356 
646 , 0.510415 
647 , 0.571370 
648 , 0.483454 
649 , 0.491197 
650 , 0.512251 
651 , 0.544540 
652 , 0.629225 
653 , 0.368103 
654 , 0.537404 
655 , 0.381295 
656 , 0.636752 
657 , 0.450323 
658 , 0.449010 
659 , 0.591464 
660 , 0.530668 
661 , 0.526962 
662 , 0.551572 
663 , 0.481861 
664 , 0.555235 
665 , 0.562367 
666 , 0.484177 
667 , 0.551986 
668 , 0.402026 
669 , 0.340955 
670 , 0.582297 
671 , 0.438891 
672 , 0.557279 
673 , 0.472124 
674 , 0.339827 
675 , 0.638139 
676 , 0.489916 
677 , 0.431193 
678 , 0.602828 
679 , 0.558710 
680 , 0.398717 
681 , 0.585829 
682 , 0.517157 
683 , 0.410123 
684 , 0.307968 
685 , 0.576919 
686 , 0.356181 
687 , 0.407402 
688 , 0.401521 
689 , 0.503916 
690 , 0.450614 
691 , 0.446948 
692 , 0.464265 
693 , 0.590364 
694 , 0.348861 
695 , 0.352296 
696 , 0.310952 
697 , 0.512457 
698 , 0.621950 
699 , 0.478622 
700 , 0.571748 
701 , 0.483673 
702 , 0.671399 
703 , 0.503580 
704 , 0.365297 
705 , 0.474839 
706 , 0.353291 
707 , 0.482626 
708 , 0.496252 
709 , 0.419244 
710 , 0.500618 
711 , 0.452618 
712 , 0.324669 
713 , 0.440708 
714 , 0.407560 
715 , 0.332763 
716 , 0.596788 
717 , 0.566445 
718 , 0.457445 
719 , 0.387854 
720 , 0.466837 
721 , 0.432860 
722 , 0.458822 
723 , 0.458005 
724 , 0.460254 
725 , 0.493250 
726 , 0.401068 
727 , 0.628278 
728 , 0.363710 
729 , 0.491256 
730 , 0.423233 
731 , 0.482708 
732 , 0.445469 
733 , 0.345071 
734 , 0.385927 
735 , 0.436264 
736 , 0.548480 
737 , 0.466770 
738 , 0.341309 
739 , 0.433608 
740 , 0.444748 
741 , 0.525830 
742 , 0.372145 
743 , 0.426905 
744 , 0.442477 
745 , 0.440900 
746 , 0.461568 
747 , 0.366943 
748 , 0.642408 
749 , 0.350566 
750 , 0.569373 
751 , 0.440313 
752 , 0.393854 
753 , 0.426437 
754 , 0.545306 
755 , 0.429550 
756 , 0.586250 
757 , 0.531588 
758 , 0.559194 
759 , 0.559360 
760 , 0.316828 
761 , 0.516652 
762 , 0.491427 
763 , 0.596913 
764 , 0.444536 
765 , 0.344563 
766 , 0.411334 
767 , 0.446349 
768 , 0.423222 
769 , 0.587151 
770 , 0.575034 
771 , 0.578508 
772 , 0.582461 
773 , 0.394132 
774 , 0.485340 
775 , 0.423820 
776 , 0.515710 
777 , 0.425338 
778 , 0.488748 
779 , 0.427326 
780 , 0.369952 
781 , 0.374893 
782 , 0.420089 
783 , 0.598078 
784 , 0.462419 
785 , 0.454387 
786 , 0.542028 
787 , 0.451995 
788 , 0.444836 
789 , 0.394238 
790 , 0.468490 
791 , 0.515792 
792 , 0.459611 
793 , 0.311611 
794 , 0.407312 
795 , 0.494571 
796 , 0.580743 
797 , 0.461928 
798 , 0.655305 
799 , 0.483066 
800 , 0.447112 
801 , 0.372575 
802 , 0.429324 
803 , 0.294876 
804 , 0.569384 
805 , 0.492360 
806 , 0.393277 
807 , 0.506986 
808 , 0.466108 
809 , 0.488613 
810 , 0.620571 
811 , 0.426965 
812 , 0.575758 
813 , 0.448018 
814 , 0.344299 
815 , 0.689726 
816 , 0.457326 
817 , 0.496310 
818 , 0.506378 
819 , 0.363369 
820 , 0.624269 
821 , 0.515500 
822 , 0.533720 
823 , 0.395366 
824 , 0.608567 
825 , 0.361374 
826 , 0.631921 
827 , 0.477649 
828 , 0.283276 
829 , 0.341359 
830 , 0.560866 
831 , 0.339113 
832 , 0.413612 
833 , 0.498406 
834 , 0.431097 
835 , 0.489840 
836 , 0.523980 
837 , 0.414005 
838 , 0.578028 
839 , 0.425259 
840 , 0.458923 
841 , 0.337012 
842 , 0.594503 
843 , 0.478211 
844 , 0.460497 
845 , 0.566888 
846 , 0.480108 
847 , 0.559602 
848 , 0.517010 
849 , 0.521450 
850 , 0.415511 
851 , 0.482473 
852 , 0.305731 
853 , 0.528284 
854 , 0.453441 
855 , 0.614826 
856 , 0.575763 
857 , 0.445100 
858 , 0.454469 
859 , 0.511944 
860 , 0.603129 
861 , 0.431806 
862 , 0.435514 
863 , 0.488427 
864 , 0.541390 
865 , 0.630771 
866 , 0.472033 
867 , 0.472295 
868 , 0.544552 
869 , 0.537903 
870 , 0.400627 
871 , 0.687958 
872 , 0.461586 
873 , 0.444628 
874 , 0.525365 
875 , 0.561131 
876 , 0.496413 
877 , 0.461941 
878 , 0.467723 
879 , 0.353382 
880 , 0.492799 
881 , 0.539134 
882 , 0.342198 
883 , 0.577323 
884 , 0.529276 
885 , 0.513273 
886 , 0.333906 
887 , 0.468775 
888 , 0.288024 
889 , 0.286114 
890 , 0.621412 
891 , 0.566386 
892 , 0.621212 
893 , 0.537288 
894 , 0.520018 
895 , 0.447465 
896 , 0.464795 
897 , 0.429002 
898 , 0.523189 
899 , 0.480809 
900 , 0.476840 
901 , 0.410377 
902 , 0.429425 
903 , 0.472813 
904 , 0.460910 
905 , 0.525862 
906 , 0.396328 
907 , 0.411456 
908 , 0.449327 
909 , 0.469911 
910 , 0.286976 
911 , 0.372134 
912 , 0.557640 
913 , 0.482683 
914 , 0.472981 
915 , 0.391324 
916 , 0.446656 
917 , 0.560991 
918 , 0.544289 
919 , 0.326991 
920 , 0.532588 
921 , 0.405754 
922 , 0.577836 
923 , 0.425300 
924 , 0.526991 
925 , 0.361010 
926 , 0.457628 
927 , 0.611647 
928 , 0.509572 
929 , 0.472864 
930 , 0.326590 
931 , 0.414357 
932 , 0.383150 
933 , 0.454005 
934 , 0.434080 
935 , 0.591475 
936 , 0.494225 
937 , 0.409682 
938 , 0.320935 
939 , 0.533477 
940 , 0.433579 
941 , 0.395792 
942 , 0.540332 
943 , 0.421545 
944 , 0.521384 
945 , 0.597473 
946 , 0.307565 
947 , 0.385826 
948 , 0.473734 
949 , 0.271939 
950 , 0.562887 
951 , 0.468719 
952 , 0.531999 
953 , 0.355986 
954 , 0.420807 
955 , 0.399777 
956 , 0.423393 
957 , 0.465050 
958 , 0.483225 
959 , 0.434388 
960 , 0.497038 
961 , 0.448416 
962 , 0.322475 
963 , 0.403507 
964 , 0.462981 
965 , 0.581799 
966 , 0.551034 
967 , 0.463181 
968 , 0.445555 
969 , 0.461010 
970 , 0.554285 
971 , 0.542795 
972 , 0.443648 
973 , 0.418802 
974 , 0.411586 
975 , 0.513316 
976 , 0.361587 
977 , 0.569106 
978 , 0.639562 
979 , 0.364464 
980 , 0.475192 
981 , 0.494237 
982 , 0.426162 
983 , 0.535193 
984 , 0.472132 
985 , 0.490740 
986 , 0.416793 
987 , 0.395772 
988 , 0.478326 
989 , 0.669140 
990 , 0.516500 
991 , 0.389138 
992 , 0.400536 
993 , 0.378632 
994 , 0.447797 
995 , 0.463188 
996 , 0.478022 
997 , 0.505192 
998 , 0.412567 
999 , 0.443235 
1000 , 0.437743 
1001 , 0.481641 
1002 , 0.630714 
1003 , 0.489830 
1004 , 0.336246 
1005 , 0.540937 
1006 , 0.319144 
1007 , 0.512995 
1008 , 0.454698 
1009 , 0.597025 
1010 , 0.486986 
1011 , 0.411879 
1012 , 0.348669 
1013 , 0.646550 
1014 , 0.441000 
1015 , 0.469343 
1016 , 0.569933 
1017 , 0.494147 
1018 , 0.584731 
1019 , 0.583378 
1020 , 0.571603 
1021 , 0.407470 
1022 , 0.612639 
1023 , 0.463783 
1024 , 0.535165 
1025 , 0.504513 
1026 , 0.363374 
1027 , 0.585078 
1028 , 0.534436 
1029 , 0.502957 
1030 , 0.622241 
1031 , 0.534749 
1032 , 0.507312 
1033 , 0.433534 
1034 , 0.368798 
1035 , 0.502140 
1036 , 0.415566 
1037 , 0.458548 
1038 , 0.318902 
1039 , 0.460878 
1040 , 0.447519 
1041 , 0.355737 
1042 , 0.591531 
1043 , 0.478091 
1044 , 0.463863 
1045 , 0.441828 
1046 , 0.459613 
1047 , 0.542175 
1048 , 0.524268 
1049 , 0.390858 
1050 , 0.565946 
1051 , 0.440835 
1052 , 0.522030 
1053 , 0.465317 
1054 , 0.601364 
1055 , 0.395723 
1056 , 0.431623 
1057 , 0.468339 
1058 , 0.469667 
1059 , 0.568296 
1060 , 0.352321 
1061 , 0.619833 
1062 , 0.384156 
1063 , 0.377976 
1064 , 0.385656 
1065 , 0.544800 
1066 , 0.265037 
1067 , 0.579525 
1068 , 0.493568 
1069 , 0.551218 
1070 , 0.532880 
1071 , 0.539303 
1072 , 0.516714 
1073 , 0.320015 
1074 , 0.411741 
1075 , 0.378984 
1076 , 0.609563 
1077 , 0.525721 
1078 , 0.499559 
1079 , 0.385531 
1080 , 0.457774 
1081 , 0.493420 
1082 , 0.351158 
1083 , 0.509123 
1084 , 0.503070 
1085 , 0.354695 
1086 , 0.492713 
1087 , 0.411051 
1088 , 0.496821 
1089 , 0.537295 
1090 , 0.333739 
1091 , 0.472550 
1092 , 0.570131 
1093 , 0.400236 
1094 , 0.491188 
1095 , 0.516832 
1096 , 0.424755 
1097 , 0.538050 
1098 , 0.418526 
1099 , 0.324637 
1100 , 0.575181 
1101 , 0.536692 
1102 , 0.586357 
1103 , 0.314751 
1104 , 0.443232 
1105 , 0.599004 
1106 , 0.667549 
1107 , 0.491921 
1108 , 0.384791 
1109 , 0.554343 
1110 , 0.559485 
1111 , 0.518953 
1112 , 0.377110 
1113 , 0.451569 
1114 , 0.459278 
1115 , 0.461567 
1116 , 0.313973 
1117 , 0.519867 
1118 , 0.465065 
1119 , 0.413301 
1120 , 0.502315 
1121 , 0.470604 
1122 , 0.533953 
1123 , 0.497710 
1124 , 0.525469 
1125 , 0.480027 
1126 , 0.437715 
1127 , 0.543116 
1128 , 0.547489 
1129 , 0.399125 
1130 , 0.586858 
1131 , 0.516545 
1132 , 0.469668 
1133 , 0.404924 
1134 , 0.342890 
1135 , 0.488250 
1136 , 0.419923 
1137 , 0.603412 
1138 , 0.374592 
1139 , 0.416015 
1140 , 0.541678 
1141 , 0.536143 
1142 , 0.525043 
1143 , 0.614324 
1144 , 0.510052 
1145 , 0.539719 
1146 , 0.463471 
1147 , 0.368548 
1148 , 0.399224 
1149 , 0.418863 
1150 , 0.614122 
1151 , 0.426123 
1152 , 0.489800 
1153 , 0.485061 
1154 , 0.501901 
1155 , 0.453225 
1156 , 0.482830 
1157 , 0.554191 
1158 , 0.565548 
1159 , 0.448288 
1160 , 0.475055 
1161 , 0.413830 
1162 , 0.538654 
1163 , 0.471456 
1164 , 0.593519 
1165 , 0.551498 
1166 , 0.532750 
1167 , 0.474389 
1168 , 0.506307 
1169 , 0.490645 
1170 , 0.414629 
1171 , 0.553006 
1172 , 0.295828 
1173 , 0.522435 
1174 , 0.480232 
1175 , 0.321096 
1176 , 0.400972 
1177 , 0.424527 
1178 , 0.490278 
1179 , 0.418976 
1180 , 0.574474 
1181 , 0.438113 
1182 , 0.409485 
1183 , 0.492898 
1184 , 0.403064 
1185 , 0.523158 
1186 , 0.459688 
1187 , 0.351933 
1188 , 0.525196 
1189 , 0.580663 
1190 , 0.460279 
1191 , 0.366127 
1192 , 0.464696 
1193 , 0.417091 
1194 , 0.556589 
1195 , 0.485305 
1196 , 0.509055 
1197 , 0.587978 
1198 , 0.456880 
1199 , 0.504436 
1200 , 0.391768 
1201 , 0.422944 
1202 , 0.413706 
1203 , 0.515518 
1204 , 0.551291 
1205 , 0.477303 
1206 , 0.436470 
1207 , 0.577393 
1208 , 0.517197 
1209 , 0.426747 
1210 , 0.454786 
1211 , 0.403659 
1212 , 0.463499 
1213 , 0.439628 
1214 , 0.423629 
1215 , 0.402057 
1216 , 0.446358 
1217 , 0.353508 
1218 , 0.384436 
1219 , 0.662200 
1220 , 0.588633 
1221 , 0.468838 
1222 , 0.380207 
1223 , 0.567543 
1224 , 0.496016 
1225 , 0.511837 
1226 , 0.533166 
1227 , 0.494218 
1228 , 0.373265 
1229 , 0.536029 
1230 , 0.287234 
1231 , 0.364929 
1232 , 0.550052 
1233 , 0.393289 
1234 , 0.470469 
1235 , 0.313469 
1236 , 0.544633 
1237 , 0.387163 
1238 , 0.506214 
1239 , 0.522306 
1240 , 0.485257 
1241 , 0.413772 
1242 , 0.408454 
1243 , 0.352270 
1244 , 0.501210 
1245 , 0.488158 
1246 , 0.481844 
1247 , 0.361444 
1248 , 0.455298 
1249 , 0.498305 
1250 , 0.361730 
1251 , 0.566351 
1252 , 0.534723 
1253 , 0.319014 
1254 , 0.581970 
1255 , 0.370227 
1256 , 0.358692 
1257 , 0.562709 
1258 , 0.473883 
1259 , 0.422930 
1260 , 0.419570 
1261 , 0.382679 
1262 , 0.379234 
1263 , 0.379407 
1264 , 0.371182 
1265 , 0.526864 
1266 , 0.537363 
1267 , 0.650316 
1268 , 0.353013 
1269 , 0.500430 
1270 , 0.462342 
1271 , 0.464723 
1272 , 0.374760 
1273 , 0.442967 
1274 , 0.517203 
1275 , 0.473721 
1276 , 0.473226 
1277 , 0.457108 
1278 , 0.491194 
1279 , 0.518953 
1280 , 0.400790 
1281 , 0.452823 
1282 , 0.623472 
1283 , 0.455825 
1284 , 0.561579 
1285 , 0.334782 
1286 , 0.466858 
1287 , 0.551051 
1288 , 0.500048 
1289 , 0.410984 
1290 , 0.566881 
1291 , 0.624716 
1292 , 0.646321 
1293 , 0.503975 
1294 , 0.442528 
1295 , 0.560117 
1296 , 0.390204 
1297 , 0.422704 
1298 , 0.688744 
1299 , 0.521091 
1300 , 0.579995 
1301 , 0.621200 
1302 , 0.483373 
1303 , 0.519743 
1304 , 0.328769 
1305 , 0.535704 
1306 , 0.497061 
1307 , 0.590088 
1308 , 0.493374 
1309 , 0.625277 
1310 , 0.479426 
1311 , 0.476600 
1312 , 0.427398 
1313 , 0.351395 
1314 , 0.583730 
1315 , 0.546283 
1316 , 0.331760 
1317 , 0.400817 
1318 , 0.362985 
1319 , 0.410110 
1320 , 0.479234 
1321 , 0.513708 
1322 , 0.489862 
1323 , 0.444101 
1324 , 0.419479 
1325 , 0.563467 
1326 , 0.456116 
1327 , 0.488887 
1328 , 0.563755 
1329 , 0.472198 
1330 , 0.433373 
1331 , 0.409179 
1332 , 0.471346 
1333 , 0.580249 
1334 , 0.488041 
1335 , 0.663857 
1336 , 0.345232 
1337 , 0.673489 
1338 , 0.558143 
1339 , 0.395079 
1340 , 0.549928 
1341 , 0.427589 
1342 , 0.512875 
1343 , 0.523475 
1344 , 0.561036 
1345 , 0.620779 
1346 , 0.561718 
1347 , 0.538395 
1348 , 0.370522 
1349 , 0.408808 
1350 , 0.550325 
1351 , 0.707845 
1352 , 0.413088 
1353 , 0.563723 
1354 , 0.418483 
1355 , 0.278916 
1356 , 0.567175 
1357 , 0.563819 
1358 , 0.423324 
1359 , 0.498746 
1360 , 0.373433 
1361 , 0.627920 
1362 , 0.534382 
1363 , 0.480984 
1364 , 0.603271 
1365 , 0.356960 
1366 , 0.400073 
1367 , 0.504650 
1368 , 0.432198 
1369 , 0.473691 
1370 , 0.450736 
1371 , 0.603664 
1372 , 0.471366 
1373 , 0.365580 
1374 , 0.457103 
1375 , 0.547565 
1376 , 0.522269 
1377 , 0.463631 
1378 , 0.614442 
1379 , 0.491474 
1380 , 0.462521 
1381 , 0.513658 
1382 , 0.563288 
1383 , 0.447114 
1384 , 0.377044 
1385 , 0.496756 
1386 , 0.466142 
1387 , 0.657104 
1388 , 0.431006 
1389 , 0.389100 
1390 , 0.480444 
1391 , 0.432221 
1392 , 0.459610 
1393 , 0.391215 
1394 , 0.522206 
1395 , 0.444843 
1396 , 0.498776 
1397 , 0.502998 
1398 , 0.545497 
1399 , 0.392792 
1400 , 0.490260 
1401 , 0.467339 
1402 , 0.522989 
1403 , 0.428063 
1404 , 0.587907 
1405 , 0.503134 
1406 , 0.369186 
1407 , 0.395170 
1408 , 0.482280 
1409 , 0.524204 
1410 , 0.596581 
1411 , 0.392601 
1412 , 0.391359 
1413 , 0.576838 
1414 , 0.512339 
1415 , 0.459197 
1416 , 0.335314 
1417 , 0.339035 
1418 , 0.544873 
1419 , 0.455257 
1420 , 0.540781 
1421 , 0.510913 
1422 , 0.520190 
1423 , 0.469283 
1424 , 0.551707 
1425 , 0.574369 
1426 , 0.452685 
1427 , 0.468462 
1428 , 0.527261 
1429 , 0.459319 
1430 , 0.647383 
1431 , 0.408302 
1432 , 0.281476 
1433 , 0.416123 
1434 , 0.494358 
1435 , 0.522645 
1436 , 0.351976 
1437 , 0.498671 
1438 , 0.436574 
1439 , 0.499191 
1440 , 0.392566 
1441 , 0.460076 
1442 , 0.370175 
1443 , 0.434066 
1444 , 0.458300 
1445 , 0.533251 
1446 , 0.516748 
1447 , 0.471356 
1448 , 0.548344 
1449 , 0.351877 
1450 , 0.500841 
1451 , 0.412324 
1452 , 0.360245 
1453 , 0.490121 
1454 , 0.345723 
1455 , 0.349602 
1456 , 0.296537 
1457 , 0.469296 
1458 , 0.568528 
1459 , 0.309158 
1460 , 0.576616 
1461 , 0.598233 
1462 , 0.475464 
1463 , 0.470311 
1464 , 0.438664 
1465 , 0.477524 
1466 , 0.346202 
1467 , 0.465049 
1468 , 0.447286 
1469 , 0.486629 
1470 , 0.528040 
1471 , 0.484052 
1472 , 0.565816 
1473 , 0.358914 
1474 , 0.610293 
1475 , 0.436681 
1476 , 0.450154 
1477 , 0.333503 
1478 , 0.385859 
1479 , 0.379765 
1480 , 0.419703 
1481 , 0.407703 
1482 , 0.336698 
1483 , 0.443554 
1484 , 0.408852 
1485 , 0.539017 
1486 , 0.397023 
1487 , 0.365679 
1488 , 0.390231 
1489 , 0.614836 
1490 , 0.425845 
1491 , 0.473911 
1492 , 0.516154 
1493 , 0.404908 
1494 , 0.457853 
1495 , 0.476702 
1496 , 0.411355 
1497 , 0.502495 
1498 , 0.476062 
1499 , 0.573310 
1500 , 0.498289 
1501 , 0.469796 
1502 , 0.480806 
1503 , 0.546841 
1504 , 0.355039 
1505 , 0.374348 
1506 , 0.488369 
1507 , 0.411005 
1508 , 0.682806 
1509 , 0.379984 
1510 , 0.547277 
1511 , 0.407020 
1512 , 0.529430 
1513 , 0.347159 
1514 , 0.611399 
1515 , 0.497339 
1516 , 0.444411 
1517 , 0.433538 
1518 , 0.441141 
1519 , 0.541586 
1520 , 0.460550 
1521 , 0.466814 
1522 , 0.422415 
1523 , 0.389786 
1524 , 0.358878 
1525 , 0.535109 
1526 , 0.557988 
1527 , 0.595160 
1528 , 0.537050 
1529 , 0.560175 
1530 , 0.548238 
1531 , 0.419975 
1532 , 0.502291 
1533 , 0.457337 
1534 , 0.410825 
1535 , 0.525208 
1536 , 0.565867 
1537 , 0.464458 
1538 , 0.412946 
1539 , 0.588488 
1540 , 0.391702 
1541 , 0.382157 
1542 , 0.690509 
1543 , 0.478359 
1544 , 0.498525 
1545 , 0.455653 
1546 , 0.427114 
1547 , 0.519502 
1548 , 0.443738 
1549 , 0.318375 
1550 , 0.505919 
1551 , 0.590818 
1552 , 0.410257 
1553 , 0.395108 
1554 , 0.386963 
1555 , 0.489189 
1556 , 0.380707 
1557 , 0.519454 
1558 , 0.342212 
1559 , 0.327418 
1560 , 0.568425 
1561 , 0.314683 
1562 , 0.414086 
1563 , 0.496260 
1564 , 0.469642 
1565 , 0.573465 
1566 , 0.458069 
1567 , 0.357417 
1568 , 0.385995 
1569 , 0.487963 
1570 , 0.323607 
1571 , 0.460059 
1572 , 0.605423 
1573 , 0.523564 
1574 , 0.552178 
1575 , 0.451468 
1576 , 0.620495 
1577 , 0.607320 
1578 , 0.426325 
1579 , 0.364875 
1580 , 0.579898 
1581 , 0.450041 
1582 , 0.606400 
1583 , 0.615526 
1584 , 0.567921 
1585 , 0.467080 
1586 , 0.434164 
1587 , 0.633894 
1588 , 0.333364 
1589 , 0.579058 
1590 , 0.439911 
1591 , 0.431048 
1592 , 0.527724 
1593 , 0.408890 
1594 , 0.448336 
1595 , 0.348835 
1596 , 0.566807 
1597 , 0.441303 
1598 , 0.471208 
1599 , 0.508864 
1600 , 0.407358 
1601 , 0.386085 
1602 , 0.555894 
1603 , 0.446512 
1604 , 0.478926 
1605 , 0.533210 
1606 , 0.528469 
1607 , 0.335419 
1608 , 0.671496 
1609 , 0.429253 
1610 , 0.526281 
1611 , 0.419996 
1612 , 0.268245 
1613 , 0.545519 
1614 , 0.448291 
1615 , 0.392732 
1616 , 0.532640 
1617 , 0.393350 
1618 , 0.644081 
1619 , 0.448332 
1620 , 0.650730 
1621 , 0.449067 
1622 , 0.367099 
1623 , 0.353521 
1624 , 0.591140 
1625 , 0.653409 
1626 , 0.450355 
1627 , 0.351060 
1628 , 0.502024 
1629 , 0.540100 
1630 , 0.542166 
1631 , 0.347389 
1632 , 0.573542 
1633 , 0.378758 
1634 , 0.391011 
1635 , 0.523262 
1636 , 0.549692 
1637 , 0.635677 
1638 , 0.506560 
1639 , 0.439905 
1640 , 0.657939 
1641 , 0.666754 
1642 , 0.485455 
1643 , 0.313328 
1644 , 0.407677 
1645 , 0.389840 
1646 , 0.492652 
1647 , 0.584899 
1648 , 0.489199 
1649 , 0.498963 
1650 , 0.568894 
1651 , 0.469369 
1652 , 0.415940 
1653 , 0.624891 
1654 , 0.419920 
1655 , 0.548853 
1656 , 0.520936 
1657 , 0.373472 
1658 , 0.533583 
1659 , 0.543067 
1660 , 0.497769 
1661 , 0.576201 
1662 , 0.584868 
1663 , 0.460043 
1664 , 0.356488 
1665 , 0.412943 
1666 , 0.445676 
1667 , 0.431115 
1668 , 0.471731 
1669 , 0.497920 
1670 , 0.502723 
1671 , 0.417798 
1672 , 0.372449 
1673 , 0.511742 
1674 , 0.550508 
1675 , 0.440040 
1676 , 0.530450 
1677 , 0.415198 
1678 , 0.313270 
1679 , 0.437017 
1680 , 0.551979 
1681 , 0.639530 
1682 , 0.468526 
1683 , 0.391732 
1684 , 0.585659 
1685 , 0.576683 
1686 , 0.555649 
1687 , 0.364220 
1688 , 0.620250 
1689 , 0.479130 
1690 , 0.425907 
1691 , 0.523032 
1692 , 0.488712 
1693 , 0.324086 
1694 , 0.498968 
1695 , 0.498926 
1696 , 0.636940 
1697 , 0.458591 
1698 , 0.392990 
1699 , 0.432077 
1700 , 0.581170 
1701 , 0.587392 
1702 , 0.450366 
1703 , 0.417784 
1704 , 0.568995 
1705 , 0.447388 
1706 , 0.453203 
1707 , 0.464671 
1708 , 0.453068 
1709 , 0.558132 
1710 , 0.416471 
1711 , 0.418915 
1712 , 0.393020 
1713 , 0.217790 
1714 , 0.463621 
1715 , 0.393864 
1716 , 0.378730 
1717 , 0.324903 
1718 , 0.307383 
1719 , 0.329568 
1720 , 0.582486 
1721 , 0.487579 
1722 , 0.541364 
1723 , 0.482877 
1724 , 0.419887 
1725 , 0.509947 
1726 , 0.527668 
1727 , 0.382772 
1728 , 0.430292 
1729 , 0.482201 
1730 , 0.506183 
1731 , 0.322762 
1732 , 0.436871 
1733 , 0.478716 
1734 , 0.656781 
1735 , 0.466544 
1736 , 0.591949 
1737 , 0.460427 
1738 , 0.461866 
1739 , 0.397163 
1740 , 0.346772 
1741 , 0.523373 
1742 , 0.310988 
1743 , 0.443428 
1744 , 0.544715 
1745 , 0.491099 
1746 , 0.510201 
1747 , 0.513163 
1748 , 0.502581 
1749 , 0.324192 
1750 , 0.579806 
1751 , 0.451539 
1752 , 0.491161 
1753 , 0.540523 
1754 , 0.422287 
1755 , 0.391800 
1756 , 0.360515 
1757 , 0.524489 
